Matricula|ClavePlan|VersionPlan|ClaveAsignatura|ClaveProfesor|ClaveGrupo|Grupo
94001134|62482|1|30638|89804|880|A
09000958|62482|1|30643|89862|880|A
09000958|62482|1|30643|89838|880|A
98003062|62482|1|30643|95420|881|B
14016354|62482|1|30644|89761|880|A
08206732|62482|1|30645|89862|880|A
09000942|62482|1|30645|89761|881|B
93001600|62482|1|30647|89849|880|A
06200435|62482|1|30647|89799|881|B
02200360|62482|1|30647|89825|882|C
02200360|62482|1|30647|95420|882|C
07003231|62482|1|30648|89862|880|A
07003231|62482|1|30648|89763|880|A
87000478|18318|1|18845|89760|1854|EE
10216325|18318|1|18845|89760|1854|EE
12008093|18318|1|18845|89760|1854|EE
10216401|18318|1|18845|89760|1854|EE
15216378|18318|1|18845|89760|1854|EE
20216253|18318|1|18845|89760|1854|EE
10216323|18318|1|18845|89760|1854|EE
20216251|18318|1|18845|89760|1854|EE
20216253|18318|1|18843|89830|1854|EE
99003055|18318|1|18843|89830|1854|EE
08003244|18318|1|18843|89830|1854|EE
12008093|18318|1|18843|89830|1854|EE
15216378|18318|1|18843|89830|1854|EE
15216378|18318|1|18844|181968|1854|EE
12008093|18318|1|18844|181968|1854|EE
08003244|18318|1|18844|181968|1854|EE
15216378|18318|1|19071|89816|1851|OPT-EE
10216323|18318|1|19071|89816|1851|OPT-EE
12008093|18318|1|19071|89816|1851|OPT-EE
87000478|18318|1|35589|128086|1851|OPT-EE
10216325|18318|1|35589|128086|1851|OPT-EE
10216323|18318|1|35589|128086|1851|OPT-EE
20216251|18318|1|35589|128086|1851|OPT-EE
08003244|18318|1|35589|128086|1851|OPT-EE
10216401|18318|1|35589|128086|1851|OPT-EE
20216253|18318|1|35589|128086|1851|OPT-EE
21216410|18317|1|18853|89866|1786|MCC
21216411|18317|1|18853|89866|1786|MCC
21216412|18317|1|18853|89866|1786|MCC
12111444|18317|1|18853|89866|1786|MCC
12111444|18317|1|18855|89804|1856|MCC
88002728|18317|1|18855|89804|1856|MCC
20216412|18317|1|18855|89804|1856|MCC
21216412|18317|1|18855|89804|1856|MCC
21216411|18317|1|18855|89804|1856|MCC
21216410|18317|1|18855|89804|1856|MCC
21216411|18317|1|18854|89773|1786|MCC
12111444|18317|1|18854|89773|1786|MCC
21216410|18317|1|18854|89773|1786|MCC
21216412|18317|1|18854|89773|1786|MCC
21216411|18317|1|18856|89834|1786|MCC
21216410|18317|1|18856|89834|1786|MCC
21216412|18317|1|18856|89834|1786|MCC
12111444|18317|1|18856|89834|1786|MCC
88002728|18317|1|29996|89773|1853|OPT-MCC
12014880|18317|1|29996|89773|1853|OPT-MCC
20216412|18317|1|29996|89773|1853|OPT-MCC
20216413|18317|1|34508|89804|1853|OPT-MCC
11001499|18317|1|29993|128656|1853|OPT-MCC
12001601|18317|1|31717|95420|1853|OPT-MCC
12014880|18317|1|31717|95420|1853|OPT-MCC
20216413|18317|1|35590|89866|1853|OPT-MCC
20216413|18317|1|35590|131554|1853|OPT-MCC
20216412|18317|1|35590|89866|1853|OPT-MCC
20216412|18317|1|35590|131554|1853|OPT-MCC
11003982|18317|1|35590|89866|1853|OPT-MCC
11003982|18317|1|35590|131554|1853|OPT-MCC
15216773|18317|1|35591|180808|1853|OPT-MCC
15216773|18317|1|35592|89828|1786|MCC
11001499|18317|1|35593|151622|1786|MCC
88002728|18317|1|35593|151622|1786|MCC
11003982|18317|1|35594|157507|1853|OPT-MCC
20216413|18317|1|18858|131554|880|A
20216413|18317|1|18858|89866|880|A
11003982|18317|1|18858|181805|881|B
11003982|18317|1|18858|151622|881|B
20216412|18317|1|18858|89834|882|C
11001499|18317|1|18858|151622|883|D
11001499|18317|1|18858|128656|883|D
88002728|18317|1|18858|89834|885|F
12014880|18317|1|18858|89804|888|G
12014880|18317|1|18858|89825|888|G
15216773|18317|1|18858|121436|1961|H
15216773|18317|1|18858|89828|1961|H
12001601|18317|1|18858|89825|1962|I
12001601|18317|1|18858|95420|1962|I
12001195|75722|3|32610|89810|1852|OPT-MCM
17016293|75722|3|32610|89810|1852|OPT-MCM
12001195|75722|3|32611|95420|1852|OPT-MCM
17016293|75722|3|32612|128086|1852|OPT-MCM
12001195|75722|3|32612|128086|1852|OPT-MCM
17016293|75722|3|32613|89838|1852|OPT-MCM
12001195|75722|3|33011|89753|1855|MCM
17016293|75722|3|33011|89753|1855|MCM
11001313|75722|3|34517|181745|1852|OPT-MCM
14016361|75722|3|33152|89799|1852|OPT-MCM
12001296|75722|3|33150|89765|1852|OPT-MCM
06001068|75722|3|33150|89765|1852|OPT-MCM
12000891|75722|3|34520|89760|1852|OPT-MCM
12001296|75722|3|34520|89760|1852|OPT-MCM
06001068|75722|3|34520|89760|1852|OPT-MCM
12000891|75722|3|34519|89830|1852|OPT-MCM
09003803|75722|3|34522|131650|1852|OPT-MCM
09003803|75722|3|34521|109891|1852|OPT-MCM
11001313|75722|3|32607|89862|880|A
11001313|75722|3|32607|181745|880|A
13003252|75722|3|32607|89838|881|B
13003252|75722|3|32607|168856|881|B
14016361|75722|3|32607|180803|882|C
14016361|75722|3|32607|89799|882|C
12001296|75722|3|32607|128086|883|D
12001296|75722|3|32607|89765|883|D
06001068|75722|3|32607|89760|884|E
06001068|75722|3|32607|128086|884|E
12000891|75722|3|32607|94534|885|F
12000891|75722|3|32607|89830|885|F
09003803|75722|3|32607|131650|888|G
09003803|75722|3|32607|109891|888|G
12216410|75722|3|32607|181807|1961|H
12216410|75722|3|32607|89809|1961|H
12216410|75722|3|35606|181807|1852|OPT-MCM
12216410|75722|3|35605|89809|1852|OPT-MCM
12216410|75722|3|35604|89809|1852|OPT-MCM
12216410|75722|3|35604|181807|1852|OPT-MCM
14016361|75722|3|35603|180803|1852|OPT-MCM
13003252|75722|3|35602|168856|1852|OPT-MCM
11001313|75722|3|35601|89838|1852|OPT-MCM
13003252|75722|3|35601|89838|1852|OPT-MCM
12000891|75722|3|33149|128086|5998|Acomp